%YAML:1.0
---
model_type: PINHOLE
camera_name: camera
image_width: 640
image_height: 480
distortion_parameters:
   k1: 0.002403959808138445
   k2: 0.001212094600722141
   p1: 0.0027975318922339606
   p2: 0.0013305451339391025
projection_parameters:
   fx: 379.08025761
   fy: 379.25832768
   cx: 318.64450452
   cy: 238.48845373
