%YAML:1.0
---
model_type: PINHOLE
camera_name: camera
image_width: 640
image_height: 480
distortion_parameters:
   k1: 0.00522003
   k2: -0.01227323
   p1: 0.00084785
   p2: 0.00123217
projection_parameters:
   fx: 378.80576451
   fy: 378.98957821
   cx: 320.3206022
   cy: 239.60802598
